11001011110100100111000111110111
00100011101111011100101100110011
01010010011111111010101100011000
00101101110001110101111110111001
01111001111111111100000101000100
11111001100100011100100101101001
01001110001010000010111100100011
01010000101100110110111111011011
11001111110111010011000110101100
00100000100000000110000010101110
01000101011101100010011100010110
00011010010110110010011100101010
00100101101110001110011101110010
00111010100011011101101111101000
01001001100101110111001100110010
00111101000110111001010000010111
00100100001001100011100011100011
11000100110111000100000000110110
00111001010101000010100011111110
01011001011100001101000000100010
10001011101010110000011110001010
00000010110110110011110101001100
01001010101110111000010100101000
00100100100110010100100111100001
10111111100100001001110111001111
01110010010101011110000001110100
01111101010011001111000100100100
00100011110000100010111010010001
00111000111001100000011011100010
10010110010000110010001000000010
10010110111001011110011100110011
10011010001101101011001101011110
10000001111100010100110010001011
01101101001010001111001101101101
11011111110111010001000011101110
00010100011011110010110100011010
10110101011100011000011101100011
01001111010011100000111111110011
10000100001100101110011000111100
11110011111001110100001101000101
11000011001100110011011001001101
10101011001000011101001010111011
10101100001111000011111100101001
00000000101110001111100100010011
00100000000001001111001111000001
00010100010100011110100111000111
01101010101110011001100100000111
01100011011011110110110110011111
11010110000001100100110010110101
11111100110010100101000101100111
10111100001110101011100111101101
10011100110010110111110011001101
10010110000001000010111110111101
10000100011000000001010000101001
00111010111111110010111100101110
11101001000000110100011000001011
10100001001101010101100100001101
00011110111010110101110111101111
01010110010100011101100010000101
10000001010110000010000110100000
10010101000100100110100000000001
10110000100001101110011110001100
11111110110110001101100001011101
01011001100010000011101001010001
00110101011110110110010001100110
11101111101100010101000010110001
10100010110001110011001011001001
01001101100101001111010010100111
00110111110001000111010000101111
00111011010101000001010001010111
01010111010110101000000010111011
00011110101110000011101010110001
10010011011001100011011100110101
00001110100110110001011000000100
00000000111010000000011000010001
10010011011011111010100110011111
11110111100001111101111000000001
10111011111011001010110010111010
00110010100010101001000101010111
10101111010011011010111011101001
01001011111111101111001110101101
01111100011100000000001000001000
11101111101100111001000111010000
00010010100011001000010101010111
11011111010101010110110111100000
10001110001111010000000011101010
10100101000100110110110111100001
01001111011010001111000101001011
10011001000100110110001010110000
01101111110110110000100101110001
01011001010000100011111101110001
10001011100101000110001101001110
00100000100111011111110100101110
11011010011000101110110001111011
00111001011100011011000110011111
01010001110100010100001101101001
11100100101000001000001111100111
01011011000101000010000001010110
10011100000001001100101011110001
00000000110000110110010111000100
00001100111111010000011010000010
01100111111000100111110000010110
10001001011000001100100110100000
10110110000001001011110111110101
11000010011110010100010001100011
00011011000001110111110101111100
01001000000111100101100001011111
00111001110001001001111100111100
00000011111101111100110111001000
11110101011111101010110100100011
11110110000000001000010101010100
00101011011101010111001101100110
10011001100011001100001010000101
10110110010011011101001100100101
10101000100100111110110101101001
11100010111000000001110011101000
11001000110001110111100101111010
11001010001011000001100101111011
10101000110110111100100010100000
11110110011011111110101111000001
11100100100110100001111010110001
11011011100011101011000111111110
00001001000101010100111111010000
01100100110011100100101101010110
10000110100001001100010110111000
11111101101110011011001111010010
00011011100010000010010010110110
01100100101100110010110110010101
11111000111110010100111101110101
00111000010001110001001100001011
10001001111001100110101100100010
00000001001101010010101001101110
01010001100110000100111001001110
01000111111110011000001010110000
01101001110111111100001001010010
00100110001100011101111001110010
10010001010010110010100110101101
11010011101011100001111011001000
11001001011110001101001111111101
01000101011010010011010000011111
10101001110111110010101001110100
01101101101111011010000101001011
11001111010110000101010001001100
01011000111011110010111011011101
01010100100011010111001111010101
11100101001110111000001001100111
11000100110111101011000011010000
00110000110001101001111010010111
10000111010100110110111111010001
10001000011011011101111100101101
00101010011100010111011101001010
11111010000110010011100000001100
11000011101011011110110000100011
00100011101111110111111100001110
00101110000000010001011000000101
00100001000101100001100100011010
10111101111100001101111101100010
11100101011101010010010000001001
10001011111000110111010110011011
11110010010010011101101001011111
00100101000001001011000110111011
10111101000101000110100000100110
01010110000001110100001110010001
11001100001100111101000100010101
10101100011001010011010011101010
00010110001111100110111011111110
10010010111111110100110010011100
10010100011011000110000111100001
11100011000111010111000010111001
11010100100001101110111000000110
11011111000011111010101010101011
01101001000111110111101000110111
00101111111100100011011001101111
11101001111111001010101100001000
10101010010010101111011011001100
00101110010100101010010100000010
11011101100110011111101100011100
11000101010000110101010010110011
01100011010101011111010100100000
00110111111000000100011010000111
00101100101111111010001001111011
00010001111001101010100010101100
11111011100110101100000001111000
01111110111101100000011100001010
11001101001100010010010111001101
11011011100011110100001110010111
10000111001111011010011000110001
01101100010000011111100001100011
11111111100100111000001101001001
00100101000110000001101111111101
00101001011000101100101101111101
10011001000110111001000001111000
00010111101110110011111101110000
01010110101100111000001110110010
11010000101100100001101010000000
10111101100100100001010101110111
11110011100101010100101100110010
10111101011101001100011101001001
10000000010011111100000111110101
01001100101010111001011011101100
10100111110101000101011001001011
11011011001111011100111111111010
11001000001110101010110101111001
10000011100000011001001111010110
01010000110000100111110100101110
10001000010001000011000001000000
10110010010010000100011111010100
10100110101100001110100000000011
11000000000011000100001111010101
11010000110110001010001001101111
00011101101000000100011110100110
11111011111000000000011010011001
00111111100101001110000111011011
00011111110011010100001010111101
10010111101100111101010111100100
01011110100101100001111000110101
10001101001010011111110111111100
01000011101011111011001010110101
11100100101000011010100001011010
10111010011010100101111010101000
01101100111010100000000010000110
00000101100010111110010100100111
01011101111010010111110000100001
00010111001110001010111001001101
00110111110110011100111111001110
10000101011110100000011010011011
00111001000101010011111101010110
11010010101100111000101011111001
11100100010110010111101011101111
10000100010110101001100010011010
11011001001100111001110001100100
01001100100000101000101010111100
11100000001001111110101111000111
10010000110010001100110110001001
11011110110101111100111010100110
11111110011110101110010100000101
00101011011000001011111100010011
00101010100101001100101001110011
00111111100000000110010000011101
01000111100101110100011100010111
00000010001101101010110010111000
11001001011111011100000111001111
10010010010110010111000011000111
11100001011100100110101001110010
10011010101010011100110110000001
10011011011011111101111000001001
00110111000000001101011000000100
00010100111111111110000110011000
00001100111001110010000000100100
01011101000101001111101111010100
11111011011010110010001110101101
10101000111100101110001100010001
10001110111111000101111011101110
00110011111110110101100001010100
00011100001110101001010010110001
11100011111010001001001000110101
01001110110011000001110001000110
00000111010001111000011111011110
00000111101011001111011000000010
11101011010001010110010010000011
11110010010011100011111010111001
11000001111111011111111100010000
00010100101100000000001101001111
11010100010000111001010011000110
10011100011001111100110111110111
11010000100111001110101100100011
00111010000101011010000111000101
10011011000011001001110001110011
11110001100110001001110000111110
00100001100011101111110111010001
00101100000011011110101111110101
11111100100111100111111111110010
11100000001011101001110001001111
11010110101000000100101001010010
00100100111000100100000111010111
00110010001111010001001001001001
10010101101100010001111100100000
00011000001101101101111111010010
00100111001111110011010001110010
00011101100010111010111011101011
10101101010010100101101100010000
00001011110001011000001110101100
00001100010101101010100110001011
10101101011011010110011000010000
00010011100001101001111110100001
10000000000001111010010011110101
10111101001001010100011010101001
11011000100100001001100111101111
01011110000010011001100011001111
01000110011011101011110000000110
01110111101000011000110011110010
10011001110110001111011010111011
01000111100110001100111111000000
01101101011001101000100001110101
01001111000111100000001000000110
11000111111011110110000101010010
11001111011111011010100010101110
01111001001010110101100101010010
01101100100001100110101110110010
01111001100101011000000010100101
11111100011100011011001011110110
11010010010100000011110100110010
11000111010110111100001001011000
11100110010101010100000001111111
11110111000110101000111001111000
00100011100001001100110011000011
01101010011100111010100110101111
11010110010000011001110101101011
10000100100100001111001001010101
10100111110011000000111011101100
00000010101100010000110100101110
11011011100000111010110101110000
01110101101111011010100010010100
10011110100011001101000110100101
01111000111001001111110000000111
00010011100011100111000010000111
10111010010111111111111101011001
00010001100010101001111111000111
11010111011001010111011110111101
01000010010111000110100100100111
11111000100001011001000111100010
01110010010100101000011010000101
00111111011001000011100110000100
10010010001110110101111001011011
10011111101001110010001100000000
01001101011010110010010101101011
01101000110101111110000111010101
00001111111100111010001000010100
11100100010000000000011010100110
00100000111011110101000110010000
11001101110110011010000101110110
01001110001100001111111100101000
11010000100000001101101100001010
01110010101000100101010110010000
01100011101111000011001111111101
00101111100101000000101111110000
00110010101000000000000000001100
10011001010110010010011010111001
10001110101000110001010110011100
01101110111011101101011101111101
01001101000001001010010010111100
11001111001001101011101111100110
10011111110000100000010000111101
10110110001110110001011101010111
01110011110010011111111000000011
10000101100000000110100011110010
00111000011011001010101110010010
00110101110000001101010101101001
01001100011101010100111000110100
10110011010001011001100110010110
00110001011101110010110011101111
10010000101110101000001010001010
10010001100111011111011100011000
10111000111001100000000010011000
11101000001110010011010001111101
11100000111110111101011111101101
11001111000111010011001110011011
00011111000100111110011001010100
01100100010010110110111100101000
01010100101000111110110110001111
00001111101010011010101110011111
01000011101101110110000011101001
01110000110110011100000011010000
11111110101110000100001101101101
00001101000111010100010101100000
01110100101111010000101010111101
10111010010001001101000110010010
11110101011001010110000001010000
11101000110010110100111110110111
10100000011101100101110010100101
01000000100010000111111010100001
11001110011101011011000100100001
01000110000110100011111010111111
10110110111010100101011001001001
01001111010101011110100010101100
11000111110111010111100010100100
11111101010110100111010101011110
10011011110010011000110111101011
01000000111111011000011100110101
10101101011110011010011010011001
00100000110110000000100011110001
11011111000100110110010101111001
10001101101101100101101011000010
11000110101010010110011010101100
00010010001110001111100000110001
11000100010111001000000000101110
01001011110100011111101101001001
11010100001111011101110011011001
11011111101011000110111100011010
01100111011101000010011010001001
01010101111101110111000111111111
10011110101001110010110110100010
00011010001101100101011110101110
01000110010110101010111010011000
10101101001111111001111001001000
10001000111111011000010101000000
00010100100011011001011100100001
10101010011011110111010110011011
01001110010000111100110110110111
10011000000001110001000110111100
00110011100011001110101010001000
00000111011000100100010001011101
00111001111100100110001100000110
01010011101110001010111001001011
01110101100100110100101110000101
11111100110101110000011110010101
00011000001001110000111001011010
01011001100000010010011001100001
11001100010000001010001110010010
11111111000110011111101110001110
01111010000011011010100011101100
10101000101011111111000111100100
00110001100010001111111000001001
00011111001010111100001110110100
01011000001001100100100110111010
01100001000011011011000011010000
10001000101011001110010100001001
11010000011001000110100001000001
10000110101111100010111010001101
11001010110000000011000111111000
01101000010000100100110101011101
01010110100001111010010000100100
01101111010001011110000011010111
10100011000110100110111110000000
01100111010010011111010111111101
01111010001100111010011110111000
10001101000011110110011000111101
11011001001100100101110100111011
01000010101100001000101111100000
10010111011110000100001000010010
11001101100001111010110001100001
00110011110001000010101000010110
00001001000101001001001101011100
01100111110111000000011011100001
01000001011010111111101100011011
11010001110001111000101010111101
01001110000100101111010001000101
00110000001100001001110010110101
11110101010101110000100100011001
01001001110110100100011111111011
01010001111100000101011011001110
11011000000001010100000100001001
01001100101111100001001011010111
01011101110001111100001100101110
01010000111110001000110110110101
10001100101111101101011101010010
01101011010110010110101001100101
11011000011000011001110000010000
01101110010010110010011011000111
01110000101010101000110011001110
01001110010100000101100110100111
00010110110010111011000101101001
00001000110110010010111101000101
00000001101101100111000111100110
10010100100100110100010110000101
00010101001000000010110111111011
10100010111101100110000110100000
01110011110011111000001000110101
00100101000011101111010110011111
00111110111111001101100100000001
01110110001111100110111011100001
00000011000011100110011001111011
01101101001010110010001110000000
11100000100001001110000010100001
01001010001010000101010101111001
00100101000110000000101100100001
11110000111011011110001100101100
11001001101111000001101010001101
00111000000100100110100010100011
01001101001101111000000110000000
00110001110010010111010010001111
11101110100001001001010101111001
11011110010011000010100101001100
00111000111001000110110000001110
00111010010010010111110101110100
10000010101001001011111101000110
11111011001010100001010010101101
00110100100010100000111101110110
11110100001011101010000001011001
01001000010111000001001001101010
11000101000110010011010011011011
00111100100100111101111000000011
11000011011011000001011010001111
10100111010011000011100101110110
10000101000001000011000000110101
10110010010111000100111000010110
00110011011011101100110010001000
11000110101010100011010111110111
00110101100010000001001111010111
10100111110110000010000010001101
10001001111100111111110101101001
00100111001001000111011110111100
11111001110010111010010010111001
00011000001100010010100111010110
11000000100010011001011010011010
10101011100101101011110111001111
00111011010011011011000111010001
11001011111101001010101110001011
01111110101011101011010001000110
00110101100101100110110001001000
00010010001100000111011111110000
00110100000010111111100001100011
11101100111100100111011011011100
11010111001001101100100111100000
10001100111001001001101101010100
00001110100101010111011001101011
10101000100111100001101100001101
00110111001001010000110110011110
11010100010011101011100111000101
00001100101100001101100011010010
11100101101111001110001001110100
00111111001001101001000000001101
10101101001111010110110011111001
00000110010001101011101011000110
00111001000001001100011110100011
01101000011111000001100111011001
10001011000100111011110011100100
10100110010000001101110111101000
01101001101110101010001101101011
10100010111101010100101010111111
11101100101101110100011000111010
00110001110111000010111110101011
10011011100100101101110111000010
00101101111011001110010100100110
01111111000000010111101010011001
10100001010001110001010110000000
10011110100110101110011100010010
00001100101010000111001000110001
01010111111010101000011010001011
10001110001110011111111101111011
00011010111000100001100111111111
00001111100111000001100111111100
10000101110110011111101010111011
10010101110001001000011000110110
00110111001011101010011101100001
01001010010100011011110101001011
01100001000101100000000101001101
00110011000110011011001000010011
00110111011000111111110000110001
01110000110011011110001110111110
01001000100010000000110000010101
00100100000111011100101001001010
10010111111011110101101010010000
10010111100110001110011010100110
10001110001000010100011010001101
10111010111100011000011101111010
10100100100111100100101100101101
11000000101100000000010010111110
00001100110101011001110100010010
10000001001101110101011101111000
01101011011011111100011010000001
01110110110101100001100010000010
00111111001101110000101010111010
11010111000101011100111000111110
11100011001111000000010111101010
10000100001101000011110100111101
10111100001100111110101100100100
00000000100101110100111110000000
11011111001010110010110001001111
10101100101010111011110110001000
10111011111001101100010100110110
10100000011000001001101001111001
00111000011101000110110010110011
10101011000001111111001111110000
00011010100010110000111101000111
00100110011100111011110011000010
01111110111111000111011111001111
10000100111000100010000011101100
10111010110100011111001010000000
01101001001111011000100110001100
01100101001100111011100101101100
10001011111101111011011111110000
01000100111101110101001011100001
10000100011001000010101110100101
11100010000110100000010110100111
11110101111011001000011100111000
01011110111010010001001011000010
01000011001111101000000011000100
01001011001100010111100100100100
01010001100110100101011111011110
11100001100111010010010100111011
11110100101000100100000001010101
00001111101000111010000101010110
10001011011110010101000101101101
10101011101001000111011001001000
11100110001011010011000000011001
00110110100010011100110000001011
11101001110010101101010011000111
10111111100000100000111100111110
00001011110101000000110100011010
00000100110110011101101101110110
01010010011011111010011001110000
01001110101000000000000001011100
00001010001000001000011110000000
10011101100100111010011111111000
00100011111000011100101011010100
01101011100110101011110010001100
11100110000001010101110101010001
11101001011111110101010000100101
00011110110010101101000001010010
01010010011011100111110000000101
01101101000011010101100010010010
00011111000011001011000111001011
00000011100000000001111001001100
00010100100001100101011000100010
10101110011001110101110000000001
01101010000010011000001101101111
00001110111100010100101001110011
01110111011110010011101000011011
11110101100010001011010100010000
10010010110001001010000110110111
11111010000000101100101111001100
10011010001011101010111111011011
00011010100000110001100110000110
01100000001010111101010001011001
11111000011001100110010100010011
00110101100011010100001110111010
01110101110101110111110001001000
11011011100001110000010010100000
11010100011100000100111101111011
01100111011111110011111000111000
01101110010010100100100101100010
00010111101101110011110100001101
00110001110001011100011110111101
00101000111111111001000101111010
10000100110001011111101101111000
11110011010110010000000101000101
00111100100011011111100110111100
01111101100110011100110010000001
01110110001100000011111100110101
10001010010100101000000110110010
10000110011111110010110000001110
11100101110000110100111001110000
11110001111110100011100001000011
01000010101111111000011001111010
11000000000100011111101001111001
01010000111010100101110011011110
00001111011001000000011001111001
11011011010100101100010111110111
10001010001100001100001101100001
11000101011010110010011011000010
11010100001111101010011000101011
10011110110010110011110001100101
10110100010001110110000011010111
01100001111010011000101110010110
10101110001111001010111110011110
00111111010101111000100000010100
00100101101001000000110110100101
11000101100010100001111101100001
01001111001111111101100100100101
11001111010100000111010111100001
11110001110101101001000011000010
10100101111100101000001111100011
11011010001101100010011111100000
01101000010111111101001111011101
01001100001111101010001011010010
11000110001110001100111001001111
10011010010111101001001010001111
11101010001010110111000111100011
11000110001011000111110010000110
11100011100011010011101011100111
10000011100011011111110000100110
01001000010010011101011100101010
11111001111101111000001010001000
10110001100100101000000111101010
11001111000111111000100010111111
11010110011011110011111001011101
11011010100110110110000000110011
10001010110110010101010110101110
11000001110100111000010100111011
01101010100011010000100111000111
10101110111100001100010000011001
00000010010101100111000101110100
00001101010101101000101010010110
11101000000100000001010101010010
00000010111000110001101011100100
01100110110011010110100010010010
01101110110010100110110101011010
11001010011000101000110110111101
00000000101011011111011001011111
00101110001000010100011110010111
11011111000101100100111000011110
10011100011100100000110001010111
01011110000110111011000001110110
00000101111001000010110100111001
01000000000111001010110110110010
10101101101101001010001011001000
11010000011000101001111111110001
10101111001011111011111010110001
10110100110111010110100100101010
00001001111000101100011001110101
00110111111111001000011010101001
00010100011011100101010110010101
01111101010011110010011111000100
10011011101001011010111011100110
01110000000001111101001011011111
01011010001010010110010010111110
11111010011000000000100101010110
11110110001110111011110010001001
00000001101110011011000101101001
01110000000110010000100100100110
00011111101100011001110000110100
00100011100101010001100100000111
10110001011011110100010101011111
00010010100101000000101001000110
11010110010001000111110101011101
11010010000101110011100111111101
00100110101110100010100011001101
11110100100000111110101110111110
11010100010111101111111100111101
10001101001000100000100011110111
10001110111011010010111111001001
10110011001000101011111101101100
11001111100111101000011100001110
01011100101111011000100000011001
01101001101010010100011000011011
11001101111101001010101000101010
11110010010011110111010010010001
11110111001110010010000101111000
00000000010111110111010010110111
11111010111101101111101100100110
01010111000101000110010011001111
10111111101110010010000101010011
11011101001001011000100001000010
11001110001010001100100001010111
10000111101100010011110101000111
01000011001010011111100010111001
01101010100000110101100110110110
11110111010010000100111000010010
10001110110001000011101011101001
11000111111000001110010011111111
00110011110101111110111011001010
11010101010111011001100010011101
01011011001101110000001010000010
10110000101101000001000101010010
10001101100111101011011001011101
11000000001000111100101111010100
00100001001111101100100010010011
10000001011101111011110001101011
10000110011010111100011011010100
00000111110110010010011110010111
10011010000000100001011010101101
01100100100011100010011001011010
11000110110000110010001110010111
00100101110101100011100111010011
11001001011110100100110001011010
00110101011100111000001000111000
11101101010110111111011000100010
11000100101110000111001010101011
01110101101001100101100000100000
11110011101110100000110001101011
00111001001000110000101001111100
01010001001111001010110111001110
11000101111000111101011011001010
10100001100010111100100100001010
00110010101111110000100001000010
10100100000011110111101101101001
11111100010100101000101110001011
10011111101010010100111001001001
01011110101001101101101001111001
11000110110100100101001111111010
01000001011111001110101101011000
10011100101011010110001000111011
00110011000000001111010010000110
11001100000100011000000111001101
10011100000111110110000001001101
10100010000101100000111010010011
10010010010010000111000100110001
10011100111010101101010101100111
00100000111100010000111011110111
00101100110110100011000101010110
11011000110111111101100010011111
10000111011100010101001100100011
10111000001011000010011110001100
11001100100101001010101110010010
10011110101011110010000111100100
10101001011101110010001011101101
10100011010100100110101001111001
01110001111111011000011010011110
10111011111010000110001100100100
00100000000100010100000111111111
01110100110011011010100011011101
10111011010111101101011111001111
10011101100001110001011101100101
11001011101011000001010110000001
11101011011101011100000100001001
10111000011101110000100100011111
00000111001001101001011010011011
01001101001000111011101000011011
01111110001101001110011000000010
10001110111010100011010001010001
01000111110101111110100100101010
11110100010110101111011111000101
11100010000000010101011010111100
01111000010010110000001010101010
01101101110111100000000101000011
10110011111011011001101000010011
00011111111011000000001101100100
11011001001100110100011010100000
11000011111100010101010111111010
00111011000110011110000011000111
10010010000010011111111100101011
11100010000001010100011010010011
01110001011111000011011101010011
00011111011111100001000100110100
01000100111011111010100001110100
11010110000000100011001101010001
11011111100111111111101110001011
00110100101110111110000101001001
11101101100001111001111110100110
10011111110010111110110001100011
11011101100100110111010010010000
11111110000011000011101001010010
11111110101110000001101001011100
01000100111011100001001010010010
01000110110011010110011111010101
10001110110111010010101010000100
10011111101101110011100110110111
01111111101111000111101100111101
01111000110111000110011010101001
10111110100010110011110111101100
01011010000110000101000110001011
11000011010000101011010010110100
00000010111000100000001101010100
11001001101010010011001000101001
11000011000110111111010111000101
01100010100100100011111101110010
10000110011101010111011100111101
11010101010100001111110101001111
01011000110111100010101101001101
01110100001110001111110001000110
00111011100110000011001010110001
11111111000111111110111110001010
01010010101111011111100101101101
11000111001001101000000001101110
11000100110101100111110110111111
10100000110101101100011111110101
01100111100010001110100111001111
01011000000000011101000010000001
11111100000100111010100010100110
10100010000010111101111110010001
10011001000010001011001110100001
00000111000001110111110001100000
00000111001011010110110001010110
10000001000001100011011101101010
11001101000000010000110111101110
00010111110011110110010010011110
01000101100100011000100100010000
10011010110011011100000000111100
01110100000110101111010000011100
01100001010011101000100101110111
10001101111001101001101110100100
10000001110001100000000010110101
01101110000011001100101111111111
11111001100011010000000010101111
00101101000010101011100011100011
10101000101001101101111100001101
01011111001111010000001010100001
01111111010010110001101100010001
10000110110100010011110110000101
01101010010100000101101001011101
00111111110100000111110100010010
01011010001001101011101110101110
10101100001001101110100000110011
10101001010011110111011001001010
00110111100110010001011111000111
11000111100101101011100001000100
01010101100100111101001001101011
11100101000010110111010101100111
00111001110110110001010110110101
11001011011101111011110010000110
10101111100101001111000101100101
10001001101110110000000101010110
01111010011000111101011010100011
00100001001011001101110101110010
10111011111001010000111001111011
01100110011001101001001011001100
00110001010010011011110000001100
00010101011111011000000101000101
11011100111010001001101110111001
00111111101001110010010000111111
11100101111001101001010011101101
00000000111000110111101100111110
00010001111001010000110100010101
00001001100110110111000000100110
00101001001101111010001111001111
10000001010010101101010010111111
00011010110101111000000001001011
00100000011010110101000010110001
00011100110001101010001100000111
11000101101100011100001011111100
11101011001100111011111010100111
01001111001000100011001001111001
00011001101101101011001101001101
11100011110110101010100001010010
00110000111110110111001010100010
01101011010101010001000000000100
11010010111001110111110111111101
00010010110111101010001110000011
00111100001001011111011001011101
00110001010011111001001010010010
00001111110010000001110010101110
00001010011101101011011101101001
01010100111010111001111001001111
11010011001010110110110111110101
00000000000111011011011110100001
00010000110101101011111100000100
10000000001000110110001100011000
10000100101111110110010011001111
10100001010111100001111010110011
01001000001111100101001011101011
10111100010010011100111111100110
11000010110011010010011000000000
10000000100000010111000011010001
10111110000100000101111011100100
01011101011000110001010011101111
10111110110011001011001110001101
10100001101101001001100001010010
00010111000111000110000000110011
01010110110100111111111001100000
11010111111111110110101101010110
11110111100011001001001011111100
01110011110111110011011101000000
10011111010000101101111010100100
10101110010011000110111111111010
10111010000001011101001011101000
00101100010111100100010100101011
01011111000001011101001100000001
11000111111000110011110101110111
00010100000001010111111011110010
00010101001100010111110001110111
10111111000111001111110011001110
10110110101011111101001010111010
00111101110101000111100001000101
01100110110011101111101001110100
01010100110010101101110100011011
11001100100001000101111011010001
11010101010000101001101010111101
11001110110110010001011101011010
10011011100001110111011111111111
11000111011000000001000100100010
00100000101101010011001001000100
00001111110100101001110001100010
10100111000110010000100110111011
00000111101001010101001000010111
01110011111100111111110100000001
00110101101110110011000011011111
10011011111001000000100110110001
01001010101001010110110001000101
11011111011000010011010101111000
01000000101010111100011010111011
01110110110000001111011010101001
01001100100111000110100100101000
10101000001111011111011011001111
10110100001001111110001000000001
10000010110010011010110001101111
00100100011011011111011100111101
10111001111110001101000000001101
10001010000011111110001011000001
01101100101010001000010010010110
11111000101010111101000011001000
01111010101001000101100000111010
00011110101100101110011101000000
00000110100110010011111101100011
00111001011111010001000100010111
11101000111010000011001101111100
11101100101000111100011101010111
11110110100111110101000011001000
00010010100110010010010011000011
11111111001111110111000011001010
11011011101111011100110100111111
10011100010111011101001100110110
11100000011101000000010010110001
00010010011001010000010110101101
11111010010000100010100101000000
11101010110111111111011100011010
00000101001010101001000111100111
00011100000010101111001110010101
10111110101111010000101000101011
00000111111001101101000000001010
01101100011111000001010101011100
01011100001111001000011110100001
11000010111000100000010101011001
00000000101110011011100110000011
10101110001010110001101010011101
00000011001110101000011010011001
11011000111100010101011101000001
11010010110111011011110000111110
01000110011010111110111011000011
11001110111110111001010110110110
10011111111000101001010001111110
11111011011001010100000111100100
10011011110011110000101111100111
01000110000011010100011010100001
00011000010110110011001010000110
10111000001110010101110100100110
00111111110001111101110111000100
00011010010001000011001100111010
01111001100100101100101111001101
10100000101100001011000011010111
00101011110101010110110111100100
11011100100101010001011111111010
01011011101110111010011101011110
00100010000010001101001110010111
01001100011011110110001001010000
11101100100100111010011111001100
11011100000101110101111100111001
11010111101100000110101011001111
11001100100011011101000110000110
00111010111100111001010010010001
11010101100101000000111001010001
01000100001111110000001001101110
10111110010111000010110110011110
00111100111100011010110001100110
10011111011011000110100110111011
10110101100111011100010100101110
00111011001001111001110101001111
11100000101000101111001110110011
10000000100101101110101110011001
00000101001101100101010000001101
11100100110000101110000011011101
00111000110100011011110110101011
11100001000000110000101110100111
10110111001001110000110100000010